0 2.435 0 2.44 0
1 4.36 0.105 4.36 0.105
2 5.91 0.535 5.91 0.535
3 7.425 1.105 7.425 1.105
4 8.6 1.475 8.6 1.475
5 9.99 1.84 9.99 1.84
6 11.47 2.21 11.47 2.21
7 12.53 3.565 12.53 3.565
8 13.995 3.965 13.995 3.965
9 15.3 4.36 15.3 4.36
10 16.5 5.505 16.5 5.505
11 17.81 5.91 17.81 5.91
12 19.005 7.01 19.005 7.01
13 20.055 7.425 20.055 7.425
14 21.5 8.5 21.5 8.5
15 22.525 9.485 22.525 9.485
16 23.995 9.99 23.995 9.99
17 25.015 11.04 25.015 11.04
18 26.16 11.47 26.16 11.47
19 27.51 12.515 27.51 12.515
20 28.525 13.555 28.525 13.555
